longitudinal: 184.2867669719708
lateral: 45.709869320418385
