longitudinal: 161.90277102773138
lateral: 48.864967859825406
