longitudinal: 135.55559416151925
lateral: 39.25009715364007
